1.702603101730346680e-01
2.753175795078277588e-05
1.780412276275455952e-05
1.470985353080322966e-05
1.305194018641486764e-05
1.186101417260942981e-05
1.126975985243916512e-05
1.193786010844632983e-05
9.016625881486106664e-06
7.427743184962309897e-06
5.909141236770665273e-06
4.811571670870762318e-06
4.101791091670747846e-06
4.433077720022993162e-06
2.592014425317756832e-06
1.913538881126441993e-06
1.424572019459446892e-06
1.099407086257997435e-06
3.382968088772031479e-06
9.353034329251386225e-07
5.488528245223278645e-07
4.367579720110370545e-07
2.054156720987521112e-05
3.023116050826502033e-07
2.079469823002000339e-07
1.617744089799089124e-07
1.298246843361994252e-07
1.131110707319749054e-07
9.261769662316510221e-08
7.912211685834336095e-08
6.856897272200512816e-08
5.951192605380128953e-08
6.203396196724497713e-08
4.568745737287827069e-08
4.101209682971784787e-08
3.518865554497097037e-08
7.066974205827136757e-08
5.733760133352916455e-08
2.393073472717333061e-08
4.216863089823164046e-06
2.207617555427532352e-08
