1.917122364044189453e+00
1.503145456314086914e+00
1.506140232086181641e+00
1.506985902786254883e+00
1.459082961082458496e+00
1.537118315696716309e+00
1.490809321403503418e+00
1.511994838714599609e+00
1.508350729942321777e+00
1.508688807487487793e+00
1.507427096366882324e+00
1.507001638412475586e+00
1.507027626037597656e+00
1.519745111465454102e+00
1.508977651596069336e+00
1.509396076202392578e+00
1.515066742897033691e+00
1.496900320053100586e+00
1.510017633438110352e+00
1.493841171264648438e+00
1.501078367233276367e+00
1.489129662513732910e+00
1.512889862060546875e+00
1.533288359642028809e+00
1.506307363510131836e+00
1.506841659545898438e+00
1.501041889190673828e+00
1.511100649833679199e+00
1.490343213081359863e+00
1.501419782638549805e+00
1.505603790283203125e+00
1.510310888290405273e+00
1.508107185363769531e+00
1.502292633056640625e+00
1.508440494537353516e+00
1.507849574089050293e+00
1.509761571884155273e+00
1.509796619415283203e+00
1.513964653015136719e+00
1.500123620033264160e+00
1.512213826179504395e+00
1.499849200248718262e+00
1.513995528221130371e+00
1.522829055786132812e+00
1.512675523757934570e+00
1.509889364242553711e+00
1.485792517662048340e+00
1.519184470176696777e+00
1.504553794860839844e+00
1.522864818572998047e+00
1.505075573921203613e+00
1.509900331497192383e+00
1.510019540786743164e+00
1.514887928962707520e+00
1.511882662773132324e+00
1.506625771522521973e+00
1.505517840385437012e+00
1.507051467895507812e+00
1.508568167686462402e+00
1.512060880661010742e+00
1.507139205932617188e+00
1.509371519088745117e+00
1.506645798683166504e+00
1.513439655303955078e+00
1.509889125823974609e+00
1.515213370323181152e+00
1.494615077972412109e+00
1.509268164634704590e+00
1.512065768241882324e+00
1.508947968482971191e+00
1.509826898574829102e+00
1.508687973022460938e+00
1.497469067573547363e+00
1.507659912109375000e+00
1.507974386215209961e+00
1.510075926780700684e+00
1.512610673904418945e+00
1.518014192581176758e+00
1.497772574424743652e+00
1.502890110015869141e+00
1.510034203529357910e+00
1.509518027305603027e+00
1.506592750549316406e+00
1.510193228721618652e+00
1.508421778678894043e+00
1.512316703796386719e+00
1.504173874855041504e+00
1.506720185279846191e+00
1.511575937271118164e+00
1.507942318916320801e+00
1.509053468704223633e+00
1.508952498435974121e+00
1.510167598724365234e+00
1.505070567131042480e+00
1.507650613784790039e+00
1.506461739540100098e+00
1.500916361808776855e+00
1.508294701576232910e+00
1.506657600402832031e+00
1.507515907287597656e+00
1.516455411911010742e+00
1.526137232780456543e+00
1.538680911064147949e+00
1.547320365905761719e+00
1.554485559463500977e+00
1.560944437980651855e+00
1.566051363945007324e+00
1.570887804031372070e+00
1.580568313598632812e+00
1.581831812858581543e+00
1.586117148399353027e+00
1.589777469635009766e+00
1.593135833740234375e+00
1.588060855865478516e+00
1.601619601249694824e+00
1.604940056800842285e+00
1.606732010841369629e+00
1.608520984649658203e+00
1.608172416687011719e+00
1.607907056808471680e+00
1.621188163757324219e+00
1.622566342353820801e+00
1.621703267097473145e+00
1.620574951171875000e+00
1.616385579109191895e+00
1.634830474853515625e+00
1.635644674301147461e+00
1.627530694007873535e+00
1.624143123626708984e+00
1.641708016395568848e+00
1.642232179641723633e+00
1.643520712852478027e+00
1.644577145576477051e+00
1.642096638679504395e+00
1.638097763061523438e+00
1.638036608695983887e+00
1.650906324386596680e+00
1.649824738502502441e+00
1.649355888366699219e+00
1.649750947952270508e+00
1.649263739585876465e+00
1.647750020027160645e+00
1.643190026283264160e+00
1.653336405754089355e+00
1.650608539581298828e+00
1.647506117820739746e+00
1.647603750228881836e+00
1.646039128303527832e+00
1.655601739883422852e+00
1.655517578125000000e+00
1.655857443809509277e+00
1.655491113662719727e+00
1.655298829078674316e+00
1.654378652572631836e+00
1.657887935638427734e+00
1.659145593643188477e+00
1.659461855888366699e+00
1.659958481788635254e+00
1.660166859626770020e+00
1.660371303558349609e+00
1.659711599349975586e+00
1.663225412368774414e+00
1.663377761840820312e+00
1.663845062255859375e+00
1.664253711700439453e+00
1.664899349212646484e+00
1.663165807723999023e+00
1.664878726005554199e+00
1.663321852684020996e+00
1.667953968048095703e+00
1.666427493095397949e+00
1.666539788246154785e+00
1.666793704032897949e+00
1.667075753211975098e+00
1.667253971099853516e+00
1.667340278625488281e+00
1.667656898498535156e+00
1.668909311294555664e+00
1.665003657341003418e+00
1.667805314064025879e+00
1.667902708053588867e+00
1.667894482612609863e+00
1.668259501457214355e+00
1.667623639106750488e+00
1.667601943016052246e+00
1.668043375015258789e+00
1.667941570281982422e+00
1.667858362197875977e+00
1.667744398117065430e+00
1.667580008506774902e+00
1.667469620704650879e+00
1.667741894721984863e+00
1.669801235198974609e+00
1.667155861854553223e+00
1.667014837265014648e+00
1.666686296463012695e+00
1.666462540626525879e+00
1.666159033775329590e+00
1.665826678276062012e+00
1.665528059005737305e+00
1.665243268013000488e+00
1.665075063705444336e+00
1.663142323493957520e+00
1.664585709571838379e+00
1.664011478424072266e+00
1.663564801216125488e+00
1.663130283355712891e+00
1.662713050842285156e+00
1.662257313728332520e+00
1.661838769912719727e+00
1.661299467086791992e+00
1.660842537879943848e+00
1.660274863243103027e+00
1.659702301025390625e+00
1.659163713455200195e+00
1.658558011054992676e+00
1.657995343208312988e+00
1.657396316528320312e+00
1.656780242919921875e+00
1.656171560287475586e+00
1.655473709106445312e+00
1.654914021492004395e+00
1.654410839080810547e+00
1.653614878654479980e+00
1.652871966361999512e+00
1.652037739753723145e+00
1.651245594024658203e+00
1.650497198104858398e+00
1.649706006050109863e+00
1.649016857147216797e+00
1.648102402687072754e+00
1.647172212600708008e+00
1.646198034286499023e+00
1.645308136940002441e+00
1.644361019134521484e+00
1.643457531929016113e+00
1.642513990402221680e+00
1.641601920127868652e+00
1.640296339988708496e+00
1.639348983764648438e+00
1.638596892356872559e+00
1.637980341911315918e+00
1.635205745697021484e+00
1.634437084197998047e+00
1.633738875389099121e+00
1.633952140808105469e+00
1.631210684776306152e+00
1.629866123199462891e+00
1.628449916839599609e+00
1.627277374267578125e+00
1.625878095626831055e+00
1.624568939208984375e+00
1.623050570487976074e+00
1.621689915657043457e+00
1.622468829154968262e+00
1.619056344032287598e+00
1.617324590682983398e+00
1.615792155265808105e+00
1.614172101020812988e+00
1.612272381782531738e+00
1.611108422279357910e+00
1.609269499778747559e+00
1.607035160064697266e+00
1.605396032333374023e+00
1.604073524475097656e+00
1.602448582649230957e+00
1.599992275238037109e+00
1.597841620445251465e+00
1.596196174621582031e+00
1.594119548797607422e+00
1.591303110122680664e+00
1.589763402938842773e+00
1.587128996849060059e+00
1.584161281585693359e+00
1.581730365753173828e+00
1.578511714935302734e+00
1.575566291809082031e+00
1.572689056396484375e+00
1.570655584335327148e+00
1.568213462829589844e+00
1.565702438354492188e+00
1.563050985336303711e+00
1.559816360473632812e+00
1.557598710060119629e+00
1.553985595703125000e+00
1.553247451782226562e+00
1.549751877784729004e+00
1.548727393150329590e+00
1.541489005088806152e+00
1.537669420242309570e+00
1.532402634620666504e+00
1.532667756080627441e+00
1.527405500411987305e+00
1.520551800727844238e+00
1.517131447792053223e+00
1.511814832687377930e+00
1.508203029632568359e+00
1.505792021751403809e+00
1.498734474182128906e+00
1.496814012527465820e+00
1.493820905685424805e+00
1.488345146179199219e+00
1.485201835632324219e+00
1.482641816139221191e+00
1.477294087409973145e+00
1.476113319396972656e+00
1.464102387428283691e+00
1.456184267997741699e+00
1.448598623275756836e+00
1.447386026382446289e+00
1.439632534980773926e+00
1.432195186614990234e+00
1.425597071647644043e+00
1.417626500129699707e+00
1.409846901893615723e+00
1.406227946281433105e+00
1.401584625244140625e+00
1.393410682678222656e+00
1.388045787811279297e+00
1.384279251098632812e+00
1.376376748085021973e+00
1.373954176902770996e+00
1.363347411155700684e+00
1.356042742729187012e+00
1.346391201019287109e+00
1.330270290374755859e+00
1.319142580032348633e+00
1.300587415695190430e+00
1.288917779922485352e+00
1.279996156692504883e+00
1.270986914634704590e+00
1.266050457954406738e+00
1.255151391029357910e+00
1.245966434478759766e+00
1.232782244682312012e+00
1.204011440277099609e+00
1.184930920600891113e+00
1.173345804214477539e+00
1.164518117904663086e+00
1.141796469688415527e+00
1.107477426528930664e+00
1.086069583892822266e+00
1.067117691040039062e+00
1.047759056091308594e+00
9.844467639923095703e-01
9.727638959884643555e-01
9.475697278976440430e-01
9.217068552970886230e-01
8.983151912689208984e-01
8.629297018051147461e-01
8.433335423469543457e-01
7.919037938117980957e-01
7.405142188072204590e-01
6.971576809883117676e-01
6.244052052497863770e-01
5.277503132820129395e-01
3.383295238018035889e-01
1.515125506557524204e-03
9.137350389210041612e-06
1.557565337861888111e-05
7.991991878952831030e-05
8.621258166385814548e-05
6.728709649905795231e-06
1.684414769442810211e-06
1.231063379236729816e-06
1.148904402725747786e-06
9.875927844404941425e-07
1.033025910146534443e-06
8.259186188297462650e-07
5.723614776798058301e-06
1.235870240634540096e-05
1.482730738189275144e-07
2.589080736470350530e-07
5.753126060881186277e-06
1.916268104196205968e-07
1.514859206963592442e-07
1.112980996254009369e-07
6.096257493481971323e-05
5.132434307597577572e-05
2.876608232327271253e-05
6.800182291044620797e-06
2.240049639112839941e-07
5.429985208138532471e-07
3.851849032798781991e-05
5.779511980108509306e-08
8.440199962933547795e-06
6.127090728114126250e-07
3.726382828972418793e-07
2.827491130119597074e-07
4.191002460629533743e-07
4.077585629147506552e-07
3.997418787093920400e-07
4.043872081638255622e-07
2.726604293457057793e-07
5.415150283738512371e-08
5.300763561422172643e-08
2.165113386354278191e-07
1.824021040874868049e-07
1.690043234248150839e-07
3.337828502480988391e-07
