1.010767417028546333e-03
8.463263867497516912e-08
5.000239866603806149e-08
5.841418015961608035e-08
1.433245643056579866e-06
2.161419615731574595e-06
7.326992346179395099e-08
9.569431114186954801e-08
1.651077674580392340e-08
1.601952881458146294e-08
2.416383360070994968e-08
1.970123442163185246e-08
2.178551383735793934e-08
5.710029995498189237e-07
1.944649952179133834e-08
1.583216757694572152e-08
9.051711913343751803e-08
7.903980758783291094e-08
1.719840980740627856e-08
1.609300426252957550e-07
1.648994896186195547e-07
2.845690403319167672e-07
2.228304083473631181e-07
1.583972789376275614e-06
2.743682081529641437e-08
2.652935826574776002e-08
8.423665320833606529e-08
2.959621703269021964e-08
6.163547823234694079e-07
9.003942835761336028e-08
4.545758613971884188e-08
2.006358279516007315e-08
2.101099738638367853e-08
1.283727186773830908e-07
1.900189161574417085e-08
2.298590295879421319e-08
3.289879657586425310e-08
1.727934062500935397e-08
7.544543478843479534e-08
1.272017158271410153e-07
4.169644185481047316e-08
1.342608300092251739e-07
7.613035535314338631e-08
5.474892077472759411e-07
3.225661373562616063e-07
3.734084685902416823e-08
6.485051926574669778e-07
3.389536686881911010e-07
6.911230343575880397e-08
6.903156872795079835e-07
6.367398697193493717e-08
1.715078923325563665e-08
1.920568948321488278e-08
2.689164659841480898e-07
5.682946735419136530e-08
3.573033069415032514e-08
4.065820391474517237e-08
2.394751241752146598e-08
1.714326280932709778e-08
4.785195528711483348e-08
3.011489013715618057e-08
1.641887514836071205e-08
3.418696437051949033e-08
8.671877083088475047e-08
1.742796840176197293e-08
1.190083125379715057e-07
5.387193482420116197e-07
4.275839415868176729e-08
4.056764879578622640e-08
1.645165070840448607e-08
1.695727291917137336e-08
1.707818242380199081e-08
1.736623431725092814e-07
1.821012141078881541e-08
1.931777582342419919e-08
2.203327120753328927e-08
4.682402732214541174e-08
2.520216924040141748e-07
3.253728664276422933e-07
1.151085768924531294e-07
2.378527597102220170e-08
1.760857060162379639e-08
3.409581950108986348e-08
1.982956909785116295e-08
1.650069592074032698e-08
8.940275364466288011e-08
7.826734105265131802e-08
3.145203564258736151e-08
3.653063984643267759e-08
1.980362718256856169e-08
1.602308863368762104e-08
1.593940446298347524e-08
1.804319005316301627e-08
4.250826535212581803e-08
2.367655049795303057e-08
3.180326046958725783e-08
1.300193872566524078e-07
1.716658282191474427e-08
2.313997526925959392e-08
2.433059975714968459e-08
1.439043302298159688e-07
1.457311604724509380e-08
1.448224917766083308e-08
1.444278474593829742e-08
1.442029695652990995e-08
1.442313735111611095e-08
1.450452469242691222e-08
1.484055811573625761e-08
2.206400928628227120e-08
1.436941410304370947e-08
1.436517127473280198e-08
1.436217011985263525e-08
1.436283803002424975e-08
7.113803945912877680e-08
1.435487906320531692e-08
1.435338337074654191e-08
1.435373242486548406e-08
1.435262042548401951e-08
1.534540494674274669e-08
7.342605812254987541e-08
1.434931995447641384e-08
1.434920360310343312e-08
1.435160701390714166e-08
1.435453089726479448e-08
1.528166926334506570e-08
1.448717945606858848e-08
1.434820529055969018e-08
1.454869824613069795e-08
1.450212483433688249e-08
1.434802143762681226e-08
1.434824525858857669e-08
1.434819196788339468e-08
1.434827279211958739e-08
1.434925156473809693e-08
1.435823904216704250e-08
1.445719810533319105e-08
1.591560128133551189e-08
1.434852592296920193e-08
1.434870089411788285e-08
1.434887586526656378e-08
1.434910679165568581e-08
1.435078278433365995e-08
1.455767684177544652e-08
1.434869822958262375e-08
1.434952690004820397e-08
1.445082453699342295e-08
1.443211061769034131e-08
1.436081031869207436e-08
1.438343311122025625e-08
1.434911478526146311e-08
1.434895491314591709e-08
1.434902774377633250e-08
1.434937502153843525e-08
1.440053765122684126e-08
1.560116658083643415e-08
1.435431151719512854e-08
1.434831986557583150e-08
1.434844509873300922e-08
1.434865737337531755e-08
1.436036090041170610e-08
1.438974539524906504e-08
1.434761021101849110e-08
1.434783936105077373e-08
1.434780294573556603e-08
1.434824969948067519e-08
1.435024454821132167e-08
1.439186547713688924e-08
1.837706342655565095e-08
1.675479133211865701e-08
2.324562231592608441e-08
1.434778962305927053e-08
1.434794771881797715e-08
1.434813512446453387e-08
1.434839003167098781e-08
1.434856322646282933e-08
1.434855345650021263e-08
1.435054652887401971e-08
2.720651792742501129e-08
1.839204166742547386e-08
1.434867868965739035e-08
1.434892471507964729e-08
1.434899488117480360e-08
1.434981733439144591e-08
1.437957042327298041e-08
1.718778896986350446e-08
1.434911922615356161e-08
1.434922403120708623e-08
1.434926932830649093e-08
1.434931995447641384e-08
1.434932972443903054e-08
1.434928620369646524e-08
1.437864849407333168e-08
3.188669239762020879e-08
1.434890251061915478e-08
1.434903662556052950e-08
1.434910945619094491e-08
1.434892560325806699e-08
1.435145158268369414e-08
1.434872931582731326e-08
1.434855434467863233e-08
1.434854368653759593e-08
1.439271457570612256e-08
1.590063192224988597e-08
1.434782692655289793e-08
1.434776120134984012e-08
1.434763774454950180e-08
1.434740148908986157e-08
1.434736329741781447e-08
1.434715724002444404e-08
1.434695295898791301e-08
1.434698582158944191e-08
1.434687035839488090e-08
1.434672647349088948e-08
1.434639518294034133e-08
1.434643159825554903e-08
1.434619356643906940e-08
1.434597063365572467e-08
1.434598484451043987e-08
1.434584007142802875e-08
1.434550611634222150e-08
1.434540397582395599e-08
1.452798148449119253e-08
1.435454066722741118e-08
1.434494567575939072e-08
1.434490926044418302e-08
1.434480001449855990e-08
1.434460816795990468e-08
1.434452379101003316e-08
1.434437635339236294e-08
1.434554963708478681e-08
1.434425023205676553e-08
1.434402552291658139e-08
1.434394114596670988e-08
1.434370133779339085e-08
1.434366492247818314e-08
1.434419871770842292e-08
1.434331053928872279e-08
1.434330698657504399e-08
1.445748765149801329e-08
1.434341623252066711e-08
1.439819552473409203e-08
1.434302188130232025e-08
1.452035380822280786e-08
1.622302825410315563e-08
1.434197116623181500e-08
3.054379860145672865e-08
1.434166474467701846e-08
1.434293839253086844e-08
1.434755247942121059e-08
1.434115493026411059e-08
1.434097907093700996e-08
1.434068952477218772e-08
1.434070995287584083e-08
1.434038310321739118e-08
1.434074459183420913e-08
1.434007579348417494e-08
1.433990526322759251e-08
1.433967078412479168e-08
1.433947982576455615e-08
1.433915830517662471e-08
1.433907748094043200e-08
1.433896912317322858e-08
1.433857654831172113e-08
1.433829677210951559e-08
1.433836605002625220e-08
1.433909790904408510e-08
1.433777718773399101e-08
1.433745566714605957e-08
1.433748852974758847e-08
1.433798502148420084e-08
1.433682150775439368e-08
1.433645646642389693e-08
1.433627261349101900e-08
1.433569796205347302e-08
1.433541552131600838e-08
1.433502294645450093e-08
1.433478491463802129e-08
1.433457885724465086e-08
1.433417740059894641e-08
1.433381946469580726e-08
1.433344465340269380e-08
1.433293750352504503e-08
1.433276963780372171e-08
1.433240015558112646e-08
1.433199159350806440e-08
1.433184770860407298e-08
1.435848684394613883e-08
1.452474140961612648e-08
1.759666545808613591e-08
2.323911196810968249e-08
2.769551166181827284e-08
1.456900644569714132e-08
1.534070648290253303e-08
3.303403772747515177e-08
1.432697427361517839e-08
1.432774077159137960e-08
1.432581164806379093e-08
1.432516327781740983e-08
1.433247387438996157e-08
1.432382479293892175e-08
1.432341978357953849e-08
1.432259022493553857e-08
1.432205198881320030e-08
1.432191165662288768e-08
1.432156082614710613e-08
1.432210883223206110e-08
1.443093822217633715e-08
3.378109525442596350e-08
1.432028895465009555e-08
1.431571039489654140e-08
1.431442431254481562e-08
1.431301832610643032e-08
1.431185570055504286e-08
1.431053586742336847e-08
1.431996032863480650e-08
1.430794327461626381e-08
1.430694140935884207e-08
1.430527873935716343e-08
1.430404950042429846e-08
1.430315954564775893e-08
1.430600082841237963e-08
1.431620511027631437e-08
1.450187259166568765e-08
1.431694052200782608e-08
1.431803742235615573e-08
1.526355930536738015e-08
2.079279859401594877e-08
1.428401130709744393e-08
1.428272788928097725e-08
1.427793883124195418e-08
1.427540485821054972e-08
1.427400686537794172e-08
1.427157858557848158e-08
1.426995499542726975e-08
1.427823015376361582e-08
3.592296593524224591e-08
1.424815110340205138e-08
1.424395446036896828e-08
1.430661633605723182e-08
1.820436068555864040e-08
1.421739881379835424e-08
1.420743256375089913e-08
1.421756579134125786e-08
1.420867512536005961e-08
2.524205733323015011e-08
1.414475203631582190e-08
2.300450674397325201e-08
1.538872140827152180e-08
1.424186724108267299e-08
1.414275985212043452e-08
1.451879150238255534e-08
1.399144444746980298e-08
1.397139204328823325e-08
1.387295878174654717e-08
1.375435587647189095e-08
1.352824163802779367e-08
1.269043625740096104e-08
1.845295138913627397e-09
5.443371309254985135e-10
1.246693859258130033e-08
5.016043580496898358e-09
3.737431253370004924e-09
1.746514877165594726e-10
9.575244069859323304e-11
7.449464656250626149e-11
6.386739054287104977e-11
5.524931206979388776e-11
8.129836387427147315e-11
4.842351172817949134e-11
1.857519693615472534e-10
1.000017668673081062e-08
3.301274878464433016e-11
3.109982063542737762e-11
2.220662542740114986e-10
2.751643704557160675e-11
2.597587596409045574e-11
2.455894862474217177e-11
3.297537531921079790e-08
2.031409884750701167e-08
4.332457448352755591e-10
2.405502741442688830e-10
3.128860712187098159e-11
2.028503580386864513e-11
2.418750000288127922e-08
1.838024524247749980e-11
8.050331956610534689e-09
3.750473542840637720e-11
2.082895141086726909e-11
1.690343351401502048e-11
1.688883928541162760e-11
1.972755292456440657e-11
2.184259197124394092e-11
1.632503680848440553e-11
1.563457349695873688e-11
1.467224779172493498e-11
1.433200520067900996e-11
1.436440983521025672e-11
1.407829235133828405e-11
1.710862354564746113e-11
1.400269743906390474e-11
