2.576627731323242188e-01
1.013722270727157593e-02
2.772155916318297386e-03
2.037839498370885849e-03
1.715443446300923824e-03
1.650315476581454277e-03
1.649505691602826118e-03
1.585565507411956787e-03
1.573361223563551903e-03
1.585790421813726425e-03
1.553181326016783714e-03
1.543273683637380600e-03
1.537527190521359444e-03
1.517022494226694107e-03
1.502931932918727398e-03
1.555631635710597038e-03
1.492636045441031456e-03
1.378491986542940140e-03
1.341379480436444283e-03
1.340162358246743679e-03
1.300276257097721100e-03
1.264017773792147636e-03
1.428255694918334484e-03
1.307801576331257820e-03
1.190145034343004227e-03
1.202333136461675167e-03
1.148183597251772881e-03
1.154036959633231163e-03
1.135385478846728802e-03
1.054882071912288666e-03
1.012000138871371746e-03
9.935740381479263306e-04
8.927382878027856350e-04
8.632403332740068436e-04
8.589375065639615059e-04
8.320766501128673553e-04
9.683861862868070602e-04
7.980728405527770519e-04
7.747532217763364315e-04
7.683099247515201569e-04
9.284768020734190941e-04
7.787300273776054382e-04
7.291096262633800507e-04
7.192848715931177139e-04
7.569991284981369972e-04
7.036097813397645950e-04
7.627782179042696953e-04
6.806575693190097809e-04
6.541572511196136475e-04
6.672010058537125587e-04
6.454309914261102676e-04
6.612947909161448479e-04
5.474095232784748077e-04
5.021888064220547676e-04
4.995023482479155064e-04
4.960212390869855881e-04
4.792414838448166847e-04
3.631524159573018551e-04
4.084773827344179153e-04
3.763291169889271259e-04
3.474863478913903236e-04
3.419150307308882475e-04
3.789750626310706139e-04
4.200165276415646076e-04
4.078634083271026611e-04
2.600061998236924410e-04
2.220132155343890190e-04
2.091142814606428146e-04
1.730507792672142386e-04
1.664099254412576556e-04
2.229524397989735007e-04
2.594261604826897383e-04
1.791742834029719234e-04
1.569865999044850469e-04
1.835631846915930510e-04
1.777271972969174385e-04
1.552394678583368659e-04
1.578335941303521395e-04
2.092031354550272226e-04
1.727017661323770881e-04
1.539875665912404656e-04
1.732356031425297260e-04
1.800726604415103793e-04
1.564874837640672922e-04
1.736634003464132547e-04
1.822160556912422180e-04
1.453554723411798477e-04
1.478329941164702177e-04
1.340043090749531984e-04
1.618689857423305511e-04
1.362043840344995260e-04
1.550994347780942917e-04
1.468778064008802176e-04
1.403997011948376894e-04
1.332426181761547923e-04
1.341659808531403542e-04
1.827896776376292109e-04
1.292171800741925836e-04
1.279037096537649632e-04
1.337781141046434641e-04
1.312626845901831985e-04
1.274305250262841582e-04
1.417342282366007566e-04
1.294669928029179573e-04
1.497276825830340385e-04
1.637644600123167038e-04
1.304981997236609459e-04
1.335573033429682255e-04
1.299437863053753972e-04
1.342502218903973699e-04
1.279872085433453321e-04
8.076407539192587137e-05
4.597242514137178659e-05
1.816439362301025540e-05
1.306024205405265093e-05
1.589604835317004472e-05
1.753970718709751964e-05
1.536173658678308129e-05
1.547544707136694342e-05
3.350774204591289163e-05
1.011793392535764724e-05
1.480173523304983974e-05
1.613572567293886095e-05
4.793940752279013395e-05
5.984795279800891876e-06
5.427752967079868540e-06
2.701613084354903549e-06
3.106131043750792742e-05
9.749225000632577576e-07
3.884123725583776832e-05
1.243595079358783551e-06
9.386305350744805764e-07
4.977501930625294335e-07
1.767167304933536798e-06
8.398424142797011882e-07
3.206939072697423398e-05
7.579222256026696414e-06
4.851939934269466903e-07
3.352495696162804961e-06
1.344771953881718218e-05
5.899718757973460015e-07
3.511516297294292599e-06
2.743955747064319439e-07
9.090343837669934146e-07
8.190931112039834261e-06
4.084651664015837014e-06
1.084128939510264900e-06
2.156589835067279637e-05
5.051754669693764299e-06
1.227761799782456364e-06
2.449517921832011780e-07
8.399681973969563842e-06
8.027995136217214167e-06
1.151756805484183133e-05
1.914775566547177732e-05
1.559561496833339334e-05
1.519567922514397651e-05
1.148782030213624239e-05
2.687734479422942968e-07
6.147637577669229358e-06
2.672680693649454042e-06
1.693283479653473478e-06
7.396552518912358209e-06
8.034545317059382796e-06
2.186428957884345436e-07
7.987877324922010303e-06
1.572650580783374608e-05
1.116989096772158518e-06
6.488339181487390306e-07
7.752309102215804160e-06
3.355662272497283993e-07
1.391153773511177860e-06
4.901447709926287644e-07
1.673630208642862272e-06
9.859577403403818607e-06
4.897233338851947337e-06
1.508942432337789796e-06
7.223179636639542878e-07
4.402836282224598108e-07
7.850559313737903722e-07
2.257386313431197777e-06
3.520225163811119273e-06
7.227727110148407519e-07
1.410805793966574129e-06
4.628002443496370688e-06
2.167307229683501646e-06
1.042652343130612280e-06
8.887618605513125658e-06
1.501244332757778466e-05
9.104476703214459121e-06
4.853603741139522754e-07
1.798262815100315493e-06
8.583909220760688186e-06
1.779907142918091267e-05
2.668498666480445536e-07
7.148021268221782520e-07
7.149813427531626076e-06
2.781457340006454615e-07
8.470444299746304750e-06
5.424389200925361365e-06
2.071608832920901477e-06
9.330518651040620171e-07
8.217056347348261625e-06
1.221298475684307050e-07
6.903689063619822264e-05
2.251149453513789922e-07
2.312331162102054805e-05
9.707876415632199496e-06
4.811657845493755303e-07
5.178020273888250813e-06
1.750669412103889044e-06
3.616281901486217976e-06
4.149199412495363504e-06
3.520929965361574432e-07
3.229664798709563911e-05
4.103415449208114296e-06
1.058642624229833018e-06
7.398456546070519835e-06
2.628169681884173770e-07
1.875145608210004866e-05
2.562161353125702590e-05
1.417650196344766300e-06
2.106527745127095841e-06
1.422450623067561537e-06
1.811774552606948419e-07
3.717384515766752884e-07
1.865935337264090776e-05
1.306560079683549702e-05
1.597875609604670899e-07
1.965797127922996879e-05
5.613555003947112709e-06
3.526008185872342438e-06
1.180131334876932669e-07
5.207989488553721458e-06
2.389539076830260456e-06
3.517295681376708671e-06
2.236834461655234918e-06
8.772629371378570795e-06
2.058861355180852115e-06
4.688530680141411722e-06
7.950093277031555772e-07
7.424903287756023929e-07
5.005264029023237526e-06
1.678863839060795726e-07
6.091862587709329091e-07
1.124850186329240387e-07
1.469854282731830608e-06
4.490435401294234907e-07
3.706301413330947980e-06
2.876212420233059675e-06
6.760462838428793475e-06
2.941736738648614846e-07
4.972890792487305589e-07
2.610127580737753306e-07
3.368274974491214380e-06
4.365381300885928795e-06
2.271898119943216443e-05
1.704670324897961109e-07
8.684370186529122293e-06
3.668579324767051730e-07
1.198864447360392660e-05
2.698972821235656738e-06
1.992237957892939448e-05
8.704769243195187300e-07
1.342439281870611012e-05
3.224411193514242768e-05
6.615667871301411651e-07
2.179424427595222369e-06
2.695046305234427564e-06
2.929027118625526782e-07
1.069599875336280093e-05
4.568177871533407597e-07
5.886558483325643465e-06
3.315438789286417887e-06
3.681108637465513311e-06
9.027722853716113605e-07
3.088975972787011415e-07
5.659996986651094630e-07
2.124423588156787446e-07
3.319287770864320919e-06
5.356978363124653697e-06
