1.421976177724797230e+00
1.457019027513293707e+00
1.463204203316005758e+00
1.463025499473104452e+00
1.468652039844225099e+00
1.470718926686884753e+00
1.468380618555989559e+00
1.471859891310389745e+00
1.473087046480346940e+00
1.471934232887928129e+00
1.474467945458380003e+00
1.475974463511557033e+00
1.475150861580361461e+00
1.477112210176042328e+00
1.473103641197663016e+00
1.478420127515099880e+00
1.479936044623353375e+00
1.480701004890015104e+00
1.485884351643188328e+00
1.489157173189798788e+00
1.491643701186240900e+00
1.493956410723020767e+00
1.501765970476691026e+00
1.504541821938120139e+00
1.504879067265588288e+00
1.506011926939155199e+00
1.505934250805796903e+00
1.505972084813849587e+00
1.506325331234682485e+00
1.506334189395378331e+00
1.506766040468115797e+00
1.507026310466019758e+00
1.507379765662079540e+00
1.508658523015867781e+00
1.511888802924029829e+00
1.515455267169763642e+00
1.518073200601145922e+00
1.519232879603907405e+00
1.519600516782390498e+00
1.519904646694415273e+00
1.520009143593003431e+00
1.519944280707794748e+00
1.520617229987353936e+00
1.520714057660300211e+00
1.521122196675526395e+00
1.521437310896859074e+00
1.521670559936706413e+00
1.522903511690041345e+00
1.523904812335972414e+00
1.527370672918711536e+00
1.534705407080693806e+00
1.559103641719558508e+00
1.655426974869776968e+00
2.076446171874948732e+00
2.728152196588376377e+00
2.809600870826262309e+00
2.834434449083570229e+00
2.836391365249696594e+00
2.836680411942985813e+00
2.817426401938689207e+00
2.838817388288811028e+00
2.831905910911054480e+00
2.831221023365670053e+00
2.836295374019932147e+00
2.834884060703252384e+00
2.829983142364867810e+00
2.831174143270566379e+00
2.839898181006679678e+00
2.836343792081884807e+00
2.839458885734429838e+00
2.838406243248137617e+00
2.827671367321424434e+00
2.839636687055183462e+00
2.837035877970141673e+00
2.836261493607513451e+00
2.833114901454028445e+00
2.839437475480712791e+00
2.836018579800692052e+00
2.840276367741894514e+00
2.835460773516259358e+00
2.833465585745309490e+00
2.840405431352645227e+00
2.841771875297998129e+00
2.840610972716811844e+00
2.835736717129356155e+00
2.841061662071322935e+00
2.837877690137622366e+00
2.840595588392702542e+00
2.838507440544090876e+00
2.837180819573486890e+00
2.841266047690853558e+00
2.841043289234900460e+00
2.841163565308560734e+00
2.841444783625414416e+00
2.841389890889769010e+00
2.839019349326861619e+00
2.839867828533519045e+00
2.837797865376531004e+00
2.841227560112323136e+00
2.841701656916575391e+00
2.838007490739759664e+00
