1.503478970074714649e+00
1.532428853364796728e+00
1.537640728649050548e+00
1.533802307467313053e+00
1.542141047650638752e+00
1.544168533096831331e+00
1.541716955864040894e+00
1.545274685154995220e+00
1.546526141001588472e+00
1.549157054881930451e+00
1.547673281580207449e+00
1.549073412117541793e+00
1.547294804056571493e+00
1.549862641952314934e+00
1.541833376965332070e+00
1.550830120399863787e+00
1.552366073002693581e+00
1.552661485175782508e+00
1.557698267938576020e+00
1.560568333901270366e+00
1.562748280716265370e+00
1.564488224173349096e+00
1.572274444358618295e+00
1.575204833120173786e+00
1.575279706890776232e+00
1.577993096467375178e+00
1.576209623515329339e+00
1.576561615537099614e+00
1.576671175336959552e+00
1.576681437131374430e+00
1.577039722857650927e+00
1.577566163986244829e+00
1.577463653827104073e+00
1.578543629622134237e+00
1.581430803043239131e+00
1.585079650130341022e+00
1.588570346911768905e+00
1.589788577706042316e+00
1.590156789631015144e+00
1.590507687937362746e+00
1.590620225718825109e+00
1.590057692991612592e+00
1.591349423454983203e+00
1.591412997307789956e+00
1.591954755230514662e+00
1.592397747813879327e+00
1.592497565941882742e+00
1.594120905368645147e+00
1.595092886823006317e+00
1.598795823282907591e+00
1.605894521107322337e+00
1.630326128840238642e+00
1.737496251812634451e+00
2.200941153696930108e+00
2.844576636495225852e+00
2.928523318674905340e+00
2.946616848561653068e+00
2.948619771714295013e+00
2.949038372940537389e+00
2.926002778504618540e+00
2.950705037447268975e+00
2.943185164381346919e+00
2.945599101563150857e+00
2.947576320730071142e+00
2.954903758499582977e+00
2.941373366944078693e+00
2.943189626029680372e+00
2.950518929540627777e+00
2.946395175905764052e+00
2.951204465594899240e+00
2.949830815371229153e+00
2.935794741667829832e+00
2.951321138607368333e+00
2.948645950696706652e+00
2.949059596932007032e+00
2.947235526818666518e+00
2.951587745369504745e+00
2.949332788412027284e+00
2.951945696055783497e+00
2.948136250789058277e+00
2.939888261926831170e+00
2.951898007033227689e+00
2.948051412315466191e+00
2.952030829007026735e+00
2.947737139072527768e+00
2.952089418701657753e+00
2.948492717436574040e+00
2.952169638355709225e+00
2.950136198428491507e+00
2.948138272858510156e+00
2.952094048811721994e+00
2.951872437781820846e+00
2.952533053132140761e+00
2.952420620705168197e+00
2.952554465801358052e+00
2.949386438282855849e+00
2.951366153973266293e+00
2.947352118560311318e+00
2.952534348588605972e+00
2.952900393610551344e+00
2.952516119156772589e+00
