1.462727573899755772e-04
1.494723940439045425e-04
1.500422465982528017e-04
1.498413903470208783e-04
1.505396543747432108e-04
1.507443729891858074e-04
1.505048787210015422e-04
1.508567288232692534e-04
1.509806593740967672e-04
1.510545643884929389e-04
1.511070613519293845e-04
1.512523937814549480e-04
1.511222832818466641e-04
1.513487426064178613e-04
1.507468509081497641e-04
1.514625123957481670e-04
1.516151058813023603e-04
1.516681245032898786e-04
1.521791309790882331e-04
1.524862753545534657e-04
1.527195990951253147e-04
1.529222317448185092e-04
1.537020207417654828e-04
1.539873327529147013e-04
1.540079387078182411e-04
1.542002511703265155e-04
1.541071937160563051e-04
1.541266850175474683e-04
1.541498253285821061e-04
1.541507813263376468e-04
1.541902881662883431e-04
1.542296237226132476e-04
1.542421709744591911e-04
1.543601076319001163e-04
1.546659802983634641e-04
1.550267458650052591e-04
1.553321773756457700e-04
1.554510728654974895e-04
1.554878653206703126e-04
1.555206167315888958e-04
1.555314684655914451e-04
1.555000986849703639e-04
1.555983326721168878e-04
1.556063527484045157e-04
1.556538475953020591e-04
1.556917529355369273e-04
1.557084062939294701e-04
1.558512208529343386e-04
1.559498849579489424e-04
1.563083248100809533e-04
1.570299964094008067e-04
1.594714885279898493e-04
1.696461613341205643e-04
2.138693662785939571e-04
2.786364416541800993e-04
2.869062094750584138e-04
2.890525648822611757e-04
2.892505568481995603e-04
2.892859392441761608e-04
2.871714590221654032e-04
2.894761212868039962e-04
2.887545537646201040e-04
2.888410062464410490e-04
2.891935847375001539e-04
2.894893909601417895e-04
2.885678254654473426e-04
2.887181884650123504e-04
2.895208555273654015e-04
2.891369483993824698e-04
2.895331675664664203e-04
2.894118529309683643e-04
2.881733054494627273e-04
2.895478912831276220e-04
2.892840914333424550e-04
2.892660545269760248e-04
2.890175214136347362e-04
2.895512610425108832e-04
2.892675684106360036e-04
2.896111031898839405e-04
2.891798512152658936e-04
2.886676923836070381e-04
2.896151719192936454e-04
2.894911643806732005e-04
2.896320900861919863e-04
2.891736928100941697e-04
2.896575540386490738e-04
2.893185203787098465e-04
2.896382613374205565e-04
2.894321819486291264e-04
2.892659546215998979e-04
2.896680048251287732e-04
2.896457863508360587e-04
2.896848309220351300e-04
2.896932702165291580e-04
2.896972178345563840e-04
2.894202893804858592e-04
2.895616991253393007e-04
2.892574991968421328e-04
2.896880954350464980e-04
2.897301025263563615e-04
2.895261804948266239e-04
