6.257148197619244456e-05
1.486664586991537362e-06
1.386021608595910948e-06
1.402414227413828485e-06
1.318416707363212481e-06
1.301701331613003276e-06
1.304021679970901459e-06
1.291065245823119767e-06
1.282267703572870232e-06
1.300408939641783945e-06
1.265620880985807162e-06
1.254967628483427688e-06
1.253001528311870061e-06
1.243704559783509467e-06
1.296604978051618673e-06
1.232369868375826627e-06
1.224507627739512827e-06
1.215813540511589963e-06
1.187616589959361590e-06
1.169130314337962773e-06
1.156370103672088590e-06
1.138686002377653494e-06
1.112499717237369623e-06
1.106746935874980409e-06
1.104129182749602478e-06
1.147878606388985645e-06
1.101551788451615721e-06
1.100826125366438646e-06
1.099977453122846782e-06
1.099349560718110297e-06
1.098467919291579165e-06
1.099632527257199399e-06
1.094131448553525843e-06
1.087599798665905837e-06
1.079351704902364872e-06
1.076886633200047072e-06
1.071169094757351559e-06
1.070121811608260032e-06
1.069727545655041467e-06
1.069394102160003968e-06
1.069069753611984197e-06
1.069446852852706797e-06
1.068292476702481508e-06
1.067845460056560114e-06
1.067132075149856973e-06
1.066182335307530593e-06
1.065276819645077921e-06
1.062014916897169314e-06
1.057753934219363146e-06
1.049611455528065562e-06
1.029838472277333494e-06
9.801794931263430044e-07
8.855597570800455287e-07
5.593965965999814216e-07
5.326328178512085287e-08
1.026070322041050531e-07
4.177767465307624661e-09
3.330922870858898932e-09
3.062987419255591703e-09
2.935800402781296725e-08
2.532515086528519532e-09
4.985327706208408927e-09
3.186251618103597139e-08
3.357455424790600773e-09
1.257095476603353745e-07
3.317715879802562995e-09
2.775825347356430939e-09
6.154283749282285498e-09
1.293045315264862438e-08
2.279684441219842483e-09
2.950165889359368521e-09
2.005942434379903716e-08
2.192796166866628482e-09
2.230831075422656795e-09
4.046003088120642133e-09
8.870789436343784473e-09
7.568225157683627913e-09
4.059111269327786431e-09
1.832262008782947760e-09
2.755817352095846218e-09
2.482047278817844926e-08
1.655609871420438139e-09
5.212000075971445767e-08
1.552714845587388481e-09
6.428745980002759097e-09
1.610129141127458752e-09
4.207962867042169819e-09
8.257714512183156330e-09
1.644828984126434079e-08
4.340631409860407075e-09
1.394229620643727685e-09
2.423389267036668571e-09
1.125564641490939266e-09
1.180037845216475034e-09
1.017079420684297020e-09
1.959542306195771744e-09
3.460067121707766091e-09
5.234293443123760881e-09
1.033447882825555553e-09
8.273216001164485078e-10
8.100511372788332665e-09
