1.917122364044189453e+00
1.903944134712219238e+00
1.903303384780883789e+00
1.902931094169616699e+00
1.902856945991516113e+00
1.902897238731384277e+00
1.903044700622558594e+00
1.903059720993041992e+00
1.899027109146118164e+00
1.903197884559631348e+00
1.903141498565673828e+00
1.903119325637817383e+00
1.903093099594116211e+00
1.903094410896301270e+00
1.903194546699523926e+00
1.903336405754089355e+00
1.900896787643432617e+00
1.903045892715454102e+00
1.903052806854248047e+00
1.903067588806152344e+00
1.903089165687561035e+00
1.903476834297180176e+00
1.906450986862182617e+00
1.903048753738403320e+00
1.903066515922546387e+00
1.903062343597412109e+00
1.903061628341674805e+00
1.903061628341674805e+00
1.903059959411621094e+00
1.903058290481567383e+00
1.903057217597961426e+00
1.904205799102783203e+00
1.903101325035095215e+00
1.903064012527465820e+00
1.903089642524719238e+00
1.903078317642211914e+00
1.903066515922546387e+00
1.903056859970092773e+00
1.903036475181579590e+00
1.903066635131835938e+00
1.903047442436218262e+00
1.903073549270629883e+00
1.903054594993591309e+00
1.903082609176635742e+00
1.904371857643127441e+00
1.903058886528015137e+00
1.903233766555786133e+00
1.903050184249877930e+00
1.903060078620910645e+00
1.903049468994140625e+00
1.903055310249328613e+00
1.903769850730895996e+00
1.903054833412170410e+00
1.902407765388488770e+00
1.903051018714904785e+00
1.902958750724792480e+00
1.903047561645507812e+00
1.903182983398437500e+00
1.903046369552612305e+00
1.903050899505615234e+00
1.906933784484863281e+00
1.903048396110534668e+00
1.902717709541320801e+00
1.903044819831848145e+00
1.903043508529663086e+00
1.899847865104675293e+00
1.903046131134033203e+00
1.903106331825256348e+00
1.903051495552062988e+00
1.903046250343322754e+00
1.903062820434570312e+00
1.907049655914306641e+00
1.903046369552612305e+00
1.903049945831298828e+00
1.904339194297790527e+00
1.903045177459716797e+00
1.903030633926391602e+00
1.903013348579406738e+00
1.903045058250427246e+00
1.903049111366271973e+00
1.902841210365295410e+00
1.903045535087585449e+00
1.903045892715454102e+00
1.901943683624267578e+00
1.903036832809448242e+00
1.903047800064086914e+00
1.903105378150939941e+00
1.903047561645507812e+00
1.903047800064086914e+00
1.903062343597412109e+00
1.902355909347534180e+00
1.903048634529113770e+00
1.903061032295227051e+00
1.902222871780395508e+00
1.903054952621459961e+00
1.903050065040588379e+00
1.903255224227905273e+00
1.903049707412719727e+00
1.903052210807800293e+00
1.903239846229553223e+00
1.903465032577514648e+00
1.903051972389221191e+00
1.903177261352539062e+00
1.903123259544372559e+00
1.903051614761352539e+00
1.903051376342773438e+00
1.903112888336181641e+00
1.900013923645019531e+00
1.903052091598510742e+00
1.903054594993591309e+00
1.903061509132385254e+00
1.903339385986328125e+00
1.903048872947692871e+00
1.903053998947143555e+00
1.903030872344970703e+00
1.905409932136535645e+00
1.903054237365722656e+00
1.903063297271728516e+00
1.903039574623107910e+00
1.903055310249328613e+00
1.903081417083740234e+00
1.899000525474548340e+00
1.903055548667907715e+00
1.903053760528564453e+00
1.903048753738403320e+00
1.902882337570190430e+00
1.903057217597961426e+00
1.903029561042785645e+00
1.902234077453613281e+00
1.903057813644409180e+00
1.903061389923095703e+00
1.899264693260192871e+00
1.903058052062988281e+00
1.903060317039489746e+00
1.903015494346618652e+00
1.905068635940551758e+00
1.903058648109436035e+00
1.903057098388671875e+00
1.902906894683837891e+00
1.903059601783752441e+00
1.903059720993041992e+00
1.903065085411071777e+00
1.903345584869384766e+00
1.903060317039489746e+00
1.903127551078796387e+00
1.903059720993041992e+00
1.903062582015991211e+00
1.902980685234069824e+00
1.903060317039489746e+00
1.903058886528015137e+00
1.903169393539428711e+00
1.902718544006347656e+00
1.903061151504516602e+00
1.903060555458068848e+00
1.904613852500915527e+00
1.903062224388122559e+00
1.903522014617919922e+00
1.903061509132385254e+00
1.903044939041137695e+00
1.903135299682617188e+00
1.903061628341674805e+00
1.903064131736755371e+00
1.902050971984863281e+00
1.903062701225280762e+00
1.903098821640014648e+00
1.902732610702514648e+00
1.903062701225280762e+00
1.903063654899597168e+00
1.902294397354125977e+00
1.903062462806701660e+00
1.903063297271728516e+00
1.903400421142578125e+00
1.903100252151489258e+00
1.903063535690307617e+00
1.903054833412170410e+00
1.903161764144897461e+00
1.903063654899597168e+00
1.903006911277770996e+00
1.903026223182678223e+00
1.903063893318176270e+00
1.901659727096557617e+00
1.903064370155334473e+00
1.902337789535522461e+00
1.903063893318176270e+00
1.903063893318176270e+00
1.903063535690307617e+00
1.903064370155334473e+00
1.903105735778808594e+00
1.903063654899597168e+00
1.903064012527465820e+00
1.902498483657836914e+00
1.903064608573913574e+00
1.902985215187072754e+00
1.903063058853149414e+00
1.903065085411071777e+00
1.903070330619812012e+00
1.902034044265747070e+00
1.903065085411071777e+00
1.903064846992492676e+00
1.903076291084289551e+00
1.903561472892761230e+00
1.903065681457519531e+00
1.903067946434020996e+00
1.903151869773864746e+00
1.900507092475891113e+00
1.903065681457519531e+00
1.903064250946044922e+00
1.902911305427551270e+00
1.903023600578308105e+00
1.903066277503967285e+00
1.903076052665710449e+00
1.903095364570617676e+00
1.903065919876098633e+00
1.903055310249328613e+00
1.904803752899169922e+00
1.903066158294677734e+00
1.903102159500122070e+00
1.903066158294677734e+00
1.903064966201782227e+00
1.900177717208862305e+00
1.903066754341125488e+00
1.903646826744079590e+00
1.903066515922546387e+00
1.903046011924743652e+00
1.903082728385925293e+00
1.903066754341125488e+00
1.903080105781555176e+00
1.902134299278259277e+00
1.903066754341125488e+00
1.902965188026428223e+00
1.903069615364074707e+00
1.903067231178283691e+00
1.903126716613769531e+00
1.902362704277038574e+00
1.903066873550415039e+00
1.904387116432189941e+00
1.903067231178283691e+00
1.903029918670654297e+00
1.904644012451171875e+00
1.903066873550415039e+00
1.903165459632873535e+00
1.903065323829650879e+00
1.903066635131835938e+00
1.903031468391418457e+00
1.903065919876098633e+00
1.903068661689758301e+00
1.900673389434814453e+00
1.903066754341125488e+00
1.903063774108886719e+00
1.903380870819091797e+00
1.903066635131835938e+00
1.903066873550415039e+00
1.903066754341125488e+00
1.903068780899047852e+00
1.903073430061340332e+00
1.903065919876098633e+00
1.903071999549865723e+00
1.903652310371398926e+00
1.903066873550415039e+00
1.903100371360778809e+00
1.903066873550415039e+00
1.903061747550964355e+00
1.903067231178283691e+00
1.902980804443359375e+00
1.903066873550415039e+00
1.903065919876098633e+00
1.904949665069580078e+00
1.903067231178283691e+00
1.903059482574462891e+00
1.902735471725463867e+00
1.903066873550415039e+00
1.903423905372619629e+00
1.903066873550415039e+00
1.903075456619262695e+00
1.903066515922546387e+00
1.903075933456420898e+00
1.903066754341125488e+00
1.903052449226379395e+00
1.903066754341125488e+00
1.903079032897949219e+00
1.903065204620361328e+00
1.903065323829650879e+00
1.904247999191284180e+00
1.903067231178283691e+00
1.903007864952087402e+00
1.903066515922546387e+00
1.903067588806152344e+00
1.900422334671020508e+00
1.903066635131835938e+00
1.903042912483215332e+00
1.903066754341125488e+00
1.903064250946044922e+00
1.903785228729248047e+00
1.903066635131835938e+00
1.903057813644409180e+00
1.902985215187072754e+00
1.903068065643310547e+00
1.901643157005310059e+00
1.903066873550415039e+00
1.902885079383850098e+00
1.903066873550415039e+00
1.903178930282592773e+00
1.903066515922546387e+00
1.903079748153686523e+00
1.903063535690307617e+00
1.903068065643310547e+00
1.902094125747680664e+00
1.903067708015441895e+00
1.903057336807250977e+00
1.905080318450927734e+00
1.903066992759704590e+00
1.903097867965698242e+00
1.902817010879516602e+00
1.903067231178283691e+00
1.903067827224731445e+00
1.903067231178283691e+00
1.903105020523071289e+00
1.903183937072753906e+00
1.903070569038391113e+00
1.902575254440307617e+00
1.903066396713256836e+00
1.903068900108337402e+00
1.903300642967224121e+00
1.903066277503967285e+00
1.903116822242736816e+00
1.902999281883239746e+00
1.903066515922546387e+00
1.903115510940551758e+00
1.903066515922546387e+00
1.903068661689758301e+00
1.904444575309753418e+00
1.903066515922546387e+00
1.903002142906188965e+00
1.903085112571716309e+00
1.903066754341125488e+00
1.902836680412292480e+00
1.902986884117126465e+00
1.903073430061340332e+00
1.903066873550415039e+00
1.903067231178283691e+00
1.902979135513305664e+00
1.903062224388122559e+00
1.903066515922546387e+00
1.903077006340026855e+00
1.902914762496948242e+00
1.903065919876098633e+00
1.903067827224731445e+00
1.903105497360229492e+00
1.903037786483764648e+00
1.903066515922546387e+00
1.903069376945495605e+00
1.901539921760559082e+00
1.903066277503967285e+00
1.903073787689208984e+00
1.902254104614257812e+00
1.903066158294677734e+00
1.903066515922546387e+00
1.903276085853576660e+00
1.903062582015991211e+00
1.903066158294677734e+00
1.902143716812133789e+00
1.903065919876098633e+00
1.903067231178283691e+00
1.903068065643310547e+00
1.902541279792785645e+00
1.903066158294677734e+00
1.903073906898498535e+00
1.902734518051147461e+00
1.903070211410522461e+00
1.903065681457519531e+00
1.903097510337829590e+00
1.906143903732299805e+00
1.903065919876098633e+00
1.903066277503967285e+00
1.903003096580505371e+00
1.905501365661621094e+00
1.903065800666809082e+00
1.903073072433471680e+00
1.902906537055969238e+00
1.903065681457519531e+00
1.902777314186096191e+00
1.903065919876098633e+00
1.903069257736206055e+00
1.902917861938476562e+00
1.903066158294677734e+00
1.903064608573913574e+00
1.902853965759277344e+00
1.903065681457519531e+00
1.903057456016540527e+00
1.903065323829650879e+00
1.903064608573913574e+00
1.903169393539428711e+00
1.903020858764648438e+00
1.903065681457519531e+00
1.903068184852600098e+00
1.902750849723815918e+00
1.903065323829650879e+00
1.903061985969543457e+00
1.902293801307678223e+00
1.903065681457519531e+00
