3.652651514585159020e-07
1.569734386919208191e-08
1.492479384523903718e-08
1.466421029050479774e-08
1.456299614233103057e-08
1.449403530529025375e-08
1.446150665884715636e-08
1.443260266853485518e-08
2.224904704917207710e-08
1.442103503279668075e-08
1.440117358697534655e-08
1.439052432772314205e-08
1.438225982752783239e-08
1.437917074298411535e-08
1.438023566890933580e-08
1.439681707182671744e-08
1.620992762241257878e-08
1.436897090201227911e-08
1.436900198825696862e-08
1.436947094646257028e-08
1.437043373186952522e-08
1.441525387946285264e-08
1.960826345737132215e-08
1.436981822422467303e-08
1.437026497796978219e-08
1.437139118820596195e-08
1.437230157108615458e-08
1.437284247174375196e-08
1.437330698905725512e-08
1.437335406251349923e-08
1.437372443291451418e-08
1.473763422410456769e-08
1.437785890345821826e-08
1.437583652119656108e-08
1.437505048329512647e-08
1.437872221288216679e-08
1.437595464892638120e-08
1.437429197892470256e-08
1.437905527978955433e-08
1.437452379349224429e-08
1.437309382623652709e-08
1.437383989610907520e-08
1.437225805034358928e-08
1.437295260586779477e-08
1.501237001377830893e-08
1.437123930969619323e-08
1.437978536245054784e-08
1.437000651804964946e-08
1.437008467775058307e-08
1.436927199449655745e-08
1.436935281873275017e-08
1.452162035064930024e-08
1.436850460834193655e-08
1.455116738213746430e-08
1.436792285147703296e-08
1.437539332016513072e-08
1.436726648762487457e-08
1.437269325776924234e-08
1.436672292243201809e-08
1.436673713328673330e-08
2.004104615593860217e-08
1.436630903128843784e-08
1.440747254832785984e-08
1.436581698044392397e-08
1.436591556824851068e-08
1.795231518997297826e-08
1.436544749822132871e-08
1.436662255827059198e-08
1.436512153674129877e-08
1.436504248886194546e-08
1.436514818209388977e-08
2.042787272671375831e-08
1.436471119831139731e-08
1.436474672544818532e-08
1.499775947877424187e-08
1.436434082791038236e-08
1.436449803549066928e-08
1.436472629734453221e-08
1.436403884724768432e-08
1.436401220189509331e-08
1.438056784763830365e-08
1.436375285379654088e-08
1.436378749275490918e-08
1.478644939822970628e-08
1.436353613826213405e-08
1.436348995298430964e-08
1.436456109615846799e-08
1.436328300741251951e-08
1.436325725023834821e-08
1.436328656012619831e-08
1.451262665597141677e-08
1.436300589574557307e-08
1.436305296920181718e-08
1.461921783629804850e-08
1.436280694377956024e-08
1.436278651567590714e-08
1.437820795757716041e-08
1.436263641352297782e-08
1.436264529530717482e-08
1.437587471286860819e-08
1.442812536112114685e-08
1.436242591523750889e-08
1.436773189311679744e-08
1.436427510270732455e-08
1.436223140416359456e-08
1.436223229234201426e-08
1.436332297544140602e-08
1.787384995566299040e-08
1.436202801130548323e-08
1.436201291227234833e-08
1.436201824134286653e-08
1.438954910781831131e-08
1.436184060565892651e-08
1.436181396030633550e-08
1.436208485472434404e-08
1.648927039354930457e-08
1.436167718082970168e-08
1.436170204982545329e-08
1.436167096358076378e-08
1.436157859302511497e-08
1.436177843316954750e-08
2.061973702893737936e-08
1.436144803079741905e-08
1.436144270172690085e-08
1.436147911704210856e-08
1.437285934713372626e-08
1.436131391585604433e-08
1.436165852908288798e-08
1.459968057559990484e-08
1.436120999898093942e-08
1.436119312359096511e-08
1.982236419451055554e-08
1.436110785846267390e-08
1.436110608210583450e-08
1.436195162796138902e-08
1.597562615529568575e-08
1.436098973073285379e-08
1.436099150708969319e-08
1.437026053707768369e-08
1.436089736017720497e-08
1.436089647199878527e-08
1.436089114292826707e-08
1.438839447587270115e-08
1.436082097683311076e-08
1.436234153828763738e-08
1.436074992255953475e-08
1.436074636984585595e-08
1.436367647045244667e-08
1.436068775007015574e-08
1.436068064464279814e-08
1.436497854001572705e-08
1.439531249758374543e-08
1.436059893222818573e-08
1.436059005044398873e-08
1.529082460649533459e-08
1.436054120063090522e-08
1.443694408465034940e-08
1.436050389713727782e-08
1.436067442739386024e-08
1.436257424103359881e-08
1.436043284286370181e-08
1.436042484925792451e-08
1.472330080076744707e-08
1.436038132851535920e-08
1.436082097683311076e-08
1.440179708822597604e-08
1.436032892598859689e-08
1.436032182056123929e-08
1.459250231761188843e-08
1.436026852985605728e-08
1.436026764167763758e-08
1.440208929892605738e-08
1.436075169891637415e-08
1.436020991008035708e-08
1.436026231260711938e-08
1.436392338405312330e-08
1.436017260658672967e-08
1.436158036938195437e-08
1.436064867021968894e-08
1.436011842770312796e-08
1.509472369320974394e-08
1.436008734145843846e-08
1.456817599887472170e-08
1.436006602517636566e-08
1.436006957789004446e-08
1.436003049803957765e-08
1.436003049803957765e-08
1.436041419111688811e-08
1.435998431276175324e-08
1.435999497090278965e-08
1.446736508370349839e-08
1.435996122012284104e-08
1.436246943598007419e-08
1.435992214027237424e-08
1.435991858755869544e-08
1.435991769938027574e-08
1.476552746737525013e-08
1.435986796138877253e-08
1.435986973774561193e-08
1.435989904763346203e-08
1.446447317476895478e-08
1.435982177611094812e-08
1.435981822339726932e-08
1.436253160846945320e-08
1.689086204237355560e-08
1.435977825536838282e-08
1.435978802533099952e-08
1.436900731732748682e-08
1.436041952018740631e-08
1.435973828733949631e-08
1.435976759722734641e-08
1.436002694532589885e-08
1.435971253016532501e-08
1.435975960362156911e-08
1.556414197523281473e-08
1.435966456853066120e-08
1.436012109223838706e-08
1.435964946949752630e-08
1.435965124585436570e-08
1.758956358344221371e-08
1.435963081775071259e-08
1.448530717595986061e-08
1.435960594875496099e-08
1.435980756525623292e-08
1.435969387841851130e-08
1.435957841522395029e-08
1.435963969953490960e-08
1.469610744209148834e-08
1.435955176987135928e-08
1.436363206153146166e-08
1.435953844719506378e-08
1.435952157180508948e-08
1.436081831229785166e-08
1.455128639804570412e-08
1.435948870920356057e-08
1.506788471772324556e-08
1.435947805106252417e-08
1.436005625521374895e-08
1.535762450544098101e-08
1.435944252392573617e-08
1.436321817038788140e-08
1.435943008942786037e-08
1.435942742489260127e-08
1.435999230636753055e-08
1.435940433225368906e-08
1.435940610861052846e-08
1.653705794524285011e-08
1.435938035143635716e-08
1.435938212779319656e-08
1.439675312298049903e-08
1.435935370608376616e-08
1.435935548244060556e-08
1.435933061344485395e-08
1.435933416615853275e-08
1.435934038340747065e-08
1.435930929716278115e-08
1.435931551441171905e-08
1.450399977898086945e-08
1.435929064541596745e-08
1.435970009566744920e-08
1.435926932913389464e-08
1.435930663262752205e-08
1.435925511827917944e-08
1.436216656713895645e-08
1.435924268378130364e-08
1.435924446013814304e-08
1.577228303517586028e-08
1.435921959114239144e-08
1.435924801285182184e-08
1.439694408134073456e-08
1.435919561032505953e-08
1.440690677867451086e-08
1.435918672854086253e-08
1.435920538028767623e-08
1.435916185954511093e-08
1.435919472214663983e-08
1.435915475411775333e-08
1.435926133552811734e-08
1.435913343783568052e-08
1.435918406400560343e-08
1.435911745062412592e-08
1.435911833880254562e-08
1.490903756007355696e-08
1.435909879887731222e-08
1.436049412717466112e-08
1.435908103530891822e-08
1.435908369984417732e-08
1.707966212904921122e-08
1.435906948898946212e-08
1.435931107351962055e-08
1.435904639635054991e-08
1.435904550817213021e-08
1.456023746015944198e-08
1.435902774460373621e-08
1.435906682445420302e-08
1.436159280387983017e-08
1.435901175739218161e-08
1.512753300403346657e-08
1.435899044111010880e-08
1.437214436350586766e-08
1.435897889479065270e-08
1.436390739684156870e-08
1.435896201940067840e-08
1.435901797464111951e-08
1.435895136125964200e-08
1.435894780854596320e-08
1.470635080380588988e-08
1.435893270951282830e-08
1.435897356572013450e-08
1.595690513056524651e-08
1.435891139323075549e-08
1.435927998727493105e-08
1.438308494527973380e-08
1.435889185330552209e-08
1.435888652423500389e-08
1.435887408973712809e-08
1.435946472838622867e-08
1.436427510270732455e-08
1.435886787248819019e-08
1.445537556321596639e-08
1.435883856260034008e-08
1.435883589806508098e-08
1.438001984155334867e-08
1.435882435174562488e-08
1.435974983365895241e-08
1.436055896419929923e-08
1.435879770639303388e-08
1.435968055574221580e-08
1.435878882460883688e-08
1.435879415367935508e-08
1.511388880715003324e-08
1.435877194921886257e-08
1.436046126457313221e-08
1.435890339962497819e-08
1.435876040289940647e-08
1.437946739457629519e-08
1.436119667630464392e-08
1.435875240929362917e-08
1.435872398758419877e-08
1.435873109301155637e-08
1.436168073354338048e-08
1.435871155308632297e-08
1.435869823041002746e-08
1.435874175115259277e-08
1.436809160537677599e-08
1.435867780230637436e-08
1.435868401955531226e-08
1.435925156556550064e-08
1.435896290757909810e-08
1.435865648602430156e-08
1.435866181509481976e-08
1.524410997433278681e-08
1.435864227516958636e-08
1.435864938059694396e-08
1.461579568484694391e-08
1.435862007070909385e-08
1.435862007070909385e-08
1.437568553086521206e-08
1.435860763621121805e-08
1.435859342535650285e-08
1.468547772276451724e-08
1.435858187903704675e-08
1.435858010268020735e-08
1.435858365539388615e-08
1.446583475228635507e-08
1.435856589182549214e-08
1.435858099085862705e-08
1.440237173966352202e-08
1.435854191100816024e-08
1.435853747011606174e-08
1.435889185330552209e-08
1.806006721949415805e-08
1.435851704201240864e-08
1.435851704201240864e-08
1.436010332866999306e-08
1.670567861822291889e-08
1.435849661390875553e-08
1.435851082476347074e-08
1.436831986723063892e-08
1.435847352126984333e-08
1.438881636062205871e-08
1.435845842223670843e-08
1.435846463948564633e-08
1.436670782339888319e-08
1.435844332320357353e-08
1.435843977048989473e-08
1.437293484229940077e-08
1.435842555963517952e-08
1.435847174491300393e-08
1.435841223695888402e-08
1.435840868424520522e-08
1.436265950616189002e-08
1.435915830683143213e-08
1.435838292707103392e-08
1.435838292707103392e-08
1.439816266213256313e-08
1.435837670982209602e-08
1.435838292707103392e-08
1.458340470605890005e-08
1.435835539354002321e-08
