6.366772204637527466e-02
9.397864341735839844e-04
3.077128494624048471e-04
3.145720693282783031e-04
3.269633161835372448e-04
3.278434451203793287e-04
3.278578515164554119e-04
3.278561052866280079e-04
3.278492658864706755e-04
3.181821084581315517e-04
6.553414859808981419e-04
6.595873855985701084e-04
6.595890154130756855e-04
6.594369187951087952e-04
6.591668934561312199e-04
6.576055893674492836e-04
6.590744596906006336e-04
6.590041448362171650e-04
6.584133952856063843e-04
6.591409328393638134e-04
6.591473356820642948e-04
6.585702649317681789e-04
6.579415639862418175e-04
6.587191601283848286e-04
6.587926181964576244e-04
6.587906391359865665e-04
6.587746320292353630e-04
6.587873795069754124e-04
6.587634561583399773e-04
6.577928434126079082e-04
6.757693481631577015e-04
6.592412828467786312e-04
6.610065465793013573e-04
6.588961696252226830e-04
6.588654941879212856e-04
6.576627492904663086e-04
1.686125142441596836e-05
2.371194796069175936e-06
2.014782921833102591e-06
1.637632522033527493e-06
1.458445467505953275e-06
2.157772314603789710e-06
3.084537922859453829e-07
3.591009942738310201e-07
1.730169785219004552e-08
2.805624035318032838e-07
1.575721420010722795e-08
1.380527514527329913e-08
7.684013425546254439e-09
7.086433839731398621e-08
3.634622824932876028e-09
5.811319869764020041e-09
3.705307705104132765e-08
6.611961111957498360e-07
7.720690575752087170e-08
4.088305249894119697e-09
4.210660335957072675e-07
2.531190190779852855e-08
1.398087647430656943e-06
3.272024873268719602e-09
1.629094903421446361e-08
1.390233705933496822e-06
6.369827776353531590e-09
2.195488235656739562e-07
1.975036800772045353e-09
3.582287133596651074e-09
3.226095941499806941e-07
1.804406735139707507e-09
2.022128686718360768e-09
3.934099268576574104e-08
2.187712944135000726e-08
9.827195981415570714e-07
1.341645656793843955e-06
2.658981923531200664e-09
1.419301787208837595e-09
3.445644214394860683e-09
2.171139268369870479e-09
2.009218569298809598e-09
4.561195510177640244e-08
1.199991515932197217e-06
