9.859524369239807129e-01
1.903125792741775513e-01
2.115823142230510712e-02
6.789554376155138016e-03
6.416543852537870407e-03
6.414410192519426346e-03
6.414391566067934036e-03
6.414378527551889420e-03
6.414335221052169800e-03
2.521555172279477119e-03
7.107719429768621922e-04
6.955958087928593159e-04
6.953019765205681324e-04
6.954030250199139118e-04
6.956350989639759064e-04
6.971622351557016373e-04
6.956468569114804268e-04
6.956831784918904305e-04
6.962444749660789967e-04
6.954956334084272385e-04
6.954704294912517071e-04
6.960255559533834457e-04
6.966377259232103825e-04
6.958447047509253025e-04
6.957575678825378418e-04
6.957446457818150520e-04
6.957438308745622635e-04
6.957146106287837029e-04
6.957252044230699539e-04
6.966850487515330315e-04
6.791719351895153522e-04
6.952107651159167290e-04
6.934418343007564545e-04
6.955296266824007034e-04
6.955444696359336376e-04
6.966805085539817810e-04
2.099451921822037548e-05
6.675086297036614269e-06
5.967113793303724378e-06
5.321312983141979203e-06
4.711692781711462885e-06
1.082568815036211163e-05
9.855639291345141828e-07
8.609537758275109809e-07
1.376229477045853855e-07
1.269588778995967004e-06
1.249438383865708602e-07
1.178226582965180569e-07
8.669406525996237178e-08
2.888349115437449655e-07
7.293520809525944060e-08
7.496950615859532263e-08
1.913168858891367563e-07
3.499889999147853814e-06
3.642412025328667369e-07
6.007213926295662532e-08
1.865557351266033947e-06
1.073183284461265430e-07
4.165547579759731889e-06
5.221256671461560472e-08
8.667713302656920860e-08
3.662027438622317277e-06
5.521426515997518436e-08
7.263102475008054171e-07
3.844992235713107220e-08
3.873638831919379300e-08
1.238669597114494536e-06
3.426340811074624071e-08
3.534311332487050095e-08
1.266423197421318037e-07
9.300955383650943986e-08
2.899399760281085037e-06
4.820245521841570735e-06
3.412096205579473462e-08
2.856524794481174467e-08
4.064035152850919985e-08
3.071301435397799651e-08
2.755617067862203839e-08
1.402536184968994348e-07
2.953331204480491579e-06
