3.380367279052734375e+00
5.605868697166442871e-01
5.360867455601692200e-02
1.172655913978815079e-02
1.119014248251914978e-02
1.118958648294210434e-02
1.118958555161952972e-02
1.118957716971635818e-02
1.118957437574863434e-02
1.118957437574863434e-02
1.118957437574863434e-02
1.118957530707120895e-02
1.118958089500665665e-02
1.118957903236150742e-02
1.118957530707120895e-02
1.118958275765180588e-02
1.118958368897438049e-02
1.118958275765180588e-02
1.118958089500665665e-02
1.118958275765180588e-02
1.118957996368408203e-02
1.118958089500665665e-02
1.118957251310348511e-02
1.118957251310348511e-02
1.118957996368408203e-02
1.118957996368408203e-02
1.118957996368408203e-02
1.118957158178091049e-02
1.118958462029695511e-02
1.118958834558725357e-02
3.242651699110865593e-03
9.601949132047593594e-04
7.024487713351845741e-04
5.502216517925262451e-04
5.137310945428907871e-04
4.872887220699340105e-04
4.661922575905919075e-04
4.481234354898333549e-04
4.317773273214697838e-04
4.169611784163862467e-04
4.038668121211230755e-04
3.901115269400179386e-04
3.777544770855456591e-04
3.653123858384788036e-04
3.527413646224886179e-04
3.396034007892012596e-04
3.259121731389313936e-04
3.113975108135491610e-04
2.957442193292081356e-04
2.787198172882199287e-04
2.721633354667574167e-04
2.621158200781792402e-04
2.511164057068526745e-04
2.392334135947749019e-04
2.270218537887558341e-04
2.150083309970796108e-04
2.027682494372129440e-04
1.909413986140862107e-04
1.816986041376367211e-04
1.691180368652567267e-04
1.646753516979515553e-04
1.491743169026449323e-04
1.397946325596421957e-04
1.310709922108799219e-04
1.227654138347133994e-04
1.158793893409892917e-04
1.088567150873132050e-04
1.024807934300042689e-04
9.456386760575696826e-05
9.321586549049243331e-05
8.237131987698376179e-05
8.560611604480072856e-05
7.156364881666377187e-05
6.680968363070860505e-05
6.187051621964201331e-05
8.211746899178251624e-05
5.314203735906630754e-05
4.935328979627229273e-05
5.549983688979409635e-05
5.658887312165461481e-05
3.891530286637134850e-05
3.633432788774371147e-05
3.904052937286905944e-05
5.353707456379197538e-05
2.826917807396966964e-05
3.564183862181380391e-05
2.404898441454861313e-05
2.813775608956348151e-05
2.032482916547451168e-05
1.872151369752828032e-05
3.494511111057363451e-05
1.587953192938584834e-05
1.482388597651151940e-05
1.334350599790923297e-05
2.804741779982578009e-05
1.115788927563698962e-05
1.026517202262766659e-05
1.369328219880117103e-05
8.861748028721194714e-06
7.948828169901389629e-06
7.199460014817304909e-06
9.597282769391313195e-06
6.075944838812574744e-06
5.594581125478725880e-06
5.056978807260747999e-06
7.232196367112919688e-06
4.560175875667482615e-05
4.766563961311476305e-06
3.597689101297874004e-06
1.119543230743147433e-05
7.655418812646530569e-06
3.511552222335012630e-06
7.592690963065251708e-06
1.816181611502543092e-05
3.616586354837636463e-06
2.609029252198524773e-06
1.889664076770714018e-06
6.457957624661503360e-06
1.229952090398001019e-06
1.864942191787122283e-06
2.402651716693071648e-06
4.735832135338569060e-06
1.536230342935596127e-06
6.135537660156842321e-07
1.017227077682036906e-06
5.163585683476412669e-07
8.660851449349138420e-07
1.198453333017823752e-06
3.245268658247368876e-07
4.652654752135276794e-06
1.778409227881638799e-06
5.658880013470479753e-07
6.211899972186074592e-07
6.319726253423141316e-06
1.095285711016913410e-06
6.426537311199354008e-07
9.716910653878585435e-07
1.819631876287530758e-07
1.243487190549785737e-06
2.255020064012569492e-07
7.166601534436267684e-08
6.864464552336357883e-08
9.786053851712495089e-06
1.939059330879899790e-07
3.929303815652929188e-08
6.540489749795597163e-08
3.229291323236793687e-08
8.550309757993090898e-06
1.131898443418322131e-06
4.183956434644642286e-07
3.424867998091940535e-07
1.048688389460039616e-07
2.888821200031088665e-07
6.522274986764386995e-08
5.392146462668279128e-08
1.152203026322240476e-07
3.835061761492397636e-07
4.772970214617089368e-07
3.714710672397814051e-08
3.169227014154785138e-08
1.991276654678131308e-08
5.928221071371808648e-06
7.446088261531258468e-07
5.594012009169091471e-07
5.342728925938899920e-08
2.589041159239968692e-08
1.459687268834386487e-07
2.846403468481639720e-08
2.860358705447652028e-08
6.974401856041367864e-08
6.440850963684852104e-09
3.759318758511653868e-07
3.640006411842477974e-07
5.911717781970082797e-09
2.507383214833680540e-06
1.011708974374414538e-07
3.971851185724517563e-07
7.801844503774191253e-09
5.856389151404073345e-08
7.126158863002274302e-08
3.867870645990478806e-07
2.342001153010642156e-07
1.576643171574687585e-08
5.128765412365510201e-09
3.908370160843332997e-08
6.596659218871536723e-09
2.547551787301927106e-07
3.257019187685727957e-08
1.022582182486075908e-06
4.390392049913316441e-08
2.350747934087848989e-07
2.665791365430436599e-09
1.736292887244417216e-08
4.120463472645496950e-07
2.056523555893363664e-07
5.234946254262240473e-09
1.180161479652497292e-08
3.615222965436259983e-08
1.574976260521054883e-09
3.288225798314670101e-07
