2.254733443260192871e-02
1.533974282210692763e-04
1.128489602706395090e-04
6.431614019675180316e-05
4.961792365065775812e-05
4.093360621482133865e-05
2.768806007225066423e-05
1.618137175682932138e-04
2.170172228943556547e-05
6.771142943762242794e-05
1.364974377793259919e-05
1.294831781706307083e-05
1.271431938221212476e-05
1.260576755157671869e-05
1.254607923328876495e-05
1.276331568078603595e-05
1.248320040758699179e-05
1.246948158950544894e-05
1.245993189513683319e-05
1.245439125341363251e-05
1.244687882717698812e-05
1.244304348801961169e-05
1.312878339376766235e-05
1.243530550709692761e-05
1.243296173925045878e-05
1.252081983693642542e-05
1.242692451342009008e-05
1.242533380718668923e-05
1.242082271346589550e-05
1.244289069290971383e-05
1.240982601302675903e-05
1.240335313923424110e-05
1.240266283275559545e-05
1.240019264514558017e-05
1.239937955688219517e-05
1.427821007382590324e-05
1.239757330040447414e-05
1.239678658748744056e-05
1.239606172021012753e-05
1.270584834855981171e-05
1.239684115716954693e-05
