3.538032531738281250e+01
9.444391727447509766e-01
9.047316908836364746e-01
8.775708079338073730e-01
8.612738847732543945e-01
8.513924479484558105e-01
8.444122076034545898e-01
8.381646871566772461e-01
8.319454193115234375e-01
8.015279769897460938e-01
7.863862514495849609e-01
7.830674052238464355e-01
7.770442962646484375e-01
7.742738127708435059e-01
7.617572546005249023e-01
7.271693944931030273e-01
6.908563375473022461e-01
6.463946700096130371e-01
6.041482686996459961e-01
5.586780309677124023e-01
5.131548643112182617e-01
4.730165898799896240e-01
4.355050921440124512e-01
4.012548625469207764e-01
3.754009902477264404e-01
3.449141681194305420e-01
3.194348812103271484e-01
2.982982099056243896e-01
2.791444063186645508e-01
2.604492902755737305e-01
2.434053272008895874e-01
2.358413189649581909e-01
2.154067009687423706e-01
2.029876410961151123e-01
1.903533041477203369e-01
1.811626404523849487e-01
1.690358817577362061e-01
1.611349433660507202e-01
1.516619324684143066e-01
1.453280448913574219e-01
1.349980235099792480e-01
1.276245713233947754e-01
1.195664629340171814e-01
1.139144748449325562e-01
1.065173149108886719e-01
1.023492664098739624e-01
9.613226354122161865e-02
9.060794115066528320e-02
8.728855848312377930e-02
7.908105850219726562e-02
7.434659451246261597e-02
7.165873050689697266e-02
6.584320962429046631e-02
6.190281361341476440e-02
5.718783661723136902e-02
5.324247106909751892e-02
4.996749758720397949e-02
4.705350846052169800e-02
4.487610980868339539e-02
4.072447493672370911e-02
3.822494298219680786e-02
3.459375724196434021e-02
3.175171464681625366e-02
3.043287806212902069e-02
2.973492443561553955e-02
2.527450025081634521e-02
2.347995899617671967e-02
2.169396355748176575e-02
1.969895884394645691e-02
1.989129185676574707e-02
1.659324765205383301e-02
1.691866852343082428e-02
1.406320184469223022e-02
1.400773972272872925e-02
1.538755651563405991e-02
1.300824433565139771e-02
1.137464493513107300e-02
8.396394550800323486e-03
7.412765175104141235e-03
9.144115261733531952e-03
5.645487457513809204e-03
1.091581862419843674e-02
4.941075108945369720e-03
4.095175769180059433e-03
3.168573603034019470e-03
8.507902733981609344e-03
3.534596413373947144e-03
3.903994336724281311e-03
2.515162341296672821e-03
9.386229328811168671e-03
1.803109305910766125e-03
2.686258871108293533e-03
4.209385719150304794e-03
2.571981633082032204e-03
8.889939635992050171e-03
4.735784605145454407e-03
1.233396818861365318e-03
6.894538528285920620e-04
5.654121050611138344e-04
5.180886364541947842e-04
8.230930543504655361e-04
5.580770084634423256e-04
1.172028831206262112e-03
3.211873408872634172e-04
5.909637548029422760e-04
2.592380158603191376e-03
1.530035748146474361e-03
6.363329594023525715e-04
3.896688576787710190e-04
4.242715658619999886e-04
1.397880166769027710e-02
5.252411938272416592e-04
4.942517844028770924e-04
3.320294199511408806e-03
1.255644892808049917e-04
1.132558099925518036e-03
8.123632287606596947e-04
1.206220360472798347e-03
5.725930677726864815e-04
3.210152965039014816e-03
6.141155608929693699e-04
5.510569550096988678e-03
5.802608793601393700e-04
2.890056371688842773e-02
1.228918205015361309e-03
1.013547065667808056e-03
4.007321549579501152e-04
2.467582467943429947e-03
3.600332885980606079e-03
9.771464392542839050e-04
3.885658225044608116e-04
2.256191801279783249e-04
8.792150183580815792e-04
7.566375425085425377e-04
3.895000554621219635e-03
2.951812348328530788e-04
1.512498361989855766e-03
4.738842835649847984e-04
1.565570710226893425e-03
6.710707675665616989e-04
3.017682465724647045e-04
1.241297286469489336e-04
2.627749461680650711e-03
4.166452854406088591e-04
1.758024445734918118e-03
4.029452684335410595e-04
9.062801254913210869e-04
2.629707567393779755e-03
1.960342888196464628e-05
3.133676946163177490e-04
1.737202284857630730e-03
1.108743599615991116e-03
7.598531665280461311e-04
2.793068531900644302e-03
3.045786288566887379e-04
1.557894400320947170e-03
7.644224679097533226e-04
4.066680558025836945e-04
3.505552303977310658e-04
2.035008277744054794e-03
2.486705780029296875e-04
6.756986840628087521e-05
3.071049286518245935e-05
1.193419564515352249e-03
2.738753100857138634e-04
7.487671246053650975e-05
3.718831576406955719e-03
6.102803163230419159e-04
7.007656386122107506e-04
1.581019721925258636e-03
6.878944113850593567e-04
7.564309053122997284e-04
1.674407627433538437e-03
1.034164670272730291e-04
7.340402808040380478e-04
2.495706430636346340e-04
3.859542193822562695e-04
6.543673807755112648e-04
1.583483681315556169e-04
9.181189816445112228e-04
5.633033579215407372e-04
8.912681951187551022e-04
3.328946186229586601e-03
9.522346081212162971e-04
2.130590379238128662e-03
4.783787517226301134e-05
1.384060713462531567e-03
2.786323893815279007e-04
4.417841264512389898e-04
9.930368105415254831e-05
2.842170943040400743e-05
1.056941982824355364e-04
4.122934478800743818e-04
2.166503109037876129e-04
3.032808017451316118e-04
2.502949209883809090e-04
1.096062827855348587e-03
3.401291323825716972e-04
8.261435141321271658e-05
1.319531816989183426e-03
